6.324678421020508
2.2787742614746094
1.5482823848724365
0.451018363237381
0.551822304725647
0.47257545590400696
3.3406403064727783
0.9045299291610718
0.38426780700683594
0.844724178314209
1.85214102268219
0.44195497035980225
0.42209911346435547
0.2327672690153122
0.6021538972854614
1.5908167362213135
0.1526879370212555
1.011054277420044
1.421533226966858
1.1855506896972656
0.4748651385307312
0.16513195633888245
1.3926595449447632
0.10332775115966797
0.1599643975496292
0.831246018409729
0.5933409929275513
0.13062222301959991
0.2456279993057251
1.0443015098571777
1.6440702676773071
1.3936588764190674
0.22682400047779083
0.30252698063850403
0.772883415222168
0.5385627746582031
1.1078723669052124
0.1677740514278412
0.8735348582267761
2.2920615673065186
0.7078439593315125
0.17484313249588013
0.6747509241104126
1.9709482192993164
0.4688456356525421
1.054275393486023
1.0920147895812988
3.107027053833008
1.9307857751846313
0.6181548833847046
0.5803347229957581
0.4878042936325073
0.30159857869148254
0.25999850034713745
0.2927109897136688
0.24385690689086914
0.7818830013275146
1.0100946426391602
1.3840951919555664
1.1709623336791992
0.6356868743896484
0.24841338396072388
1.206150770187378
0.5317221879959106
1.2913527488708496
0.447216272354126
0.7427245378494263
1.5719585418701172
0.8462812900543213
0.3112209141254425
